160000.0000	1260000.0000	171800.0000	1263000.0000
171800.0000	1263000.0000	182400.0000	1270000.0000
182400.0000	1270000.0000	191200.0000	1273000.0000
191200.0000	1273000.0000	200000.0000	1280000.0000
200000.0000	1280000.0000	202400.0000	1280000.0000
202400.0000	1280000.0000	205400.0000	1280000.0000
205400.0000	1280000.0000	210000.0000	1273000.0000
210000.0000	1273000.0000	210000.0000	1270000.0000
210000.0000	1270000.0000	210000.0000	1270000.0000
210000.0000	1270000.0000	210600.0000	1265400.0000
210600.0000	1265400.0000	211200.0000	1264200.0000
211200.0000	1264200.0000	211200.0000	1263600.0000
211200.0000	1263600.0000	211800.0000	1263000.0000
211800.0000	1263000.0000	211800.0000	1261800.0000
211800.0000	1261800.0000	212400.0000	1260000.0000
212400.0000	1260000.0000	221200.0000	1260600.0000
221200.0000	1260600.0000	231200.0000	1263600.0000
231200.0000	1263600.0000	240000.0000	1261800.0000
240000.0000	1261800.0000	244200.0000	1260000.0000
244200.0000	1260000.0000	251800.0000	1260000.0000
251800.0000	1260000.0000	262400.0000	1260000.0000
262400.0000	1260000.0000	273600.0000	1261200.0000
273600.0000	1261200.0000	290000.0000	1271200.0000
290000.0000	1271200.0000	303600.0000	1274200.0000
303600.0000	1274200.0000	320000.0000	1280000.0000
320000.0000	1280000.0000	331200.0000	1290000.0000
331200.0000	1290000.0000	344800.0000	1310600.0000
344800.0000	1310600.0000	362400.0000	1324800.0000
362400.0000	1324800.0000	374200.0000	1344800.0000
374200.0000	1344800.0000	382400.0000	1365400.0000
382400.0000	1365400.0000	393600.0000	1383600.0000
393600.0000	1383600.0000	404800.0000	1394800.0000
404800.0000	1394800.0000	420000.0000	1400000.0000
420000.0000	1400000.0000	430000.0000	1400000.0000
430000.0000	1400000.0000	430000.0000	1400000.0000
430000.0000	1400000.0000	430000.0000	1400000.0000
430000.0000	1400000.0000	430000.0000	1400000.0000
430000.0000	1400000.0000	430000.0000	1400000.0000
